4294967279,228
4294967278,227
4294967279,226
4294967278,225
4294967279,223
4294967278,222
4294967278,218
4294967278,215
4294967278,337
4294967279,327
4294967279,526
4294967278,209
4294967279,525
4294967279,524
4294967278,331
4294967279,522
4294967278,205
4294967279,567
4294967278,359
4294967279,552
4294967279,566
4294967278,370
4294967279,565
4294967279,521
4294967278,329
4294967278,198
4294967279,326
4294967278,327
4294967279,518
4294967278,196
4294967279,551
4294967279,564
4294967279,550
4294967279,517
4294967279,309
4294967279,308
4294967278,356
4294967279,325
4294967279,516
4294967279,184
4294967279,183
4294967279,324
4294967278,43
4294967278,42
4294967278,41
4294967278,40
4294967278,39
4294967278,38
4294967278,37
4294967278,36
4294967278,35
4294967278,34
4294967278,33
4294967278,32
4294967278,31
4294967278,30
4294967278,29
4294967279,41
4294967279,40
4294967279,38
4294967279,36
4294967279,35
4294967279,34
4294967279,33
4294967279,32
4294967279,31
4294967279,30
4294967279,29
4294967279,27
4294967279,24
4294967279,21
4294967279,20
4294967279,19
4294967279,18
4294967279,17
4294967279,16
4294967279,15
4294967279,14
4294967279,11
4294967279,10
4294967278,354
4294967279,181
4294967278,132
4294967278,131
4294967278,130
4294967278,129
4294967278,128
4294967278,127
4294967278,126
4294967278,125
4294967278,124
4294967278,123
4294967278,122
4294967278,121
4294967278,120
4294967278,119
4294967278,118
4294967278,117
4294967278,116
4294967278,115
4294967278,114
4294967278,113
4294967278,112
4294967278,111
4294967278,110
4294967278,109
4294967278,108
4294967278,107
4294967278,106
4294967278,105
4294967278,104
4294967278,103
4294967278,102
4294967278,101
4294967278,100
4294967278,99
4294967278,98
4294967278,97
4294967278,96
4294967278,95
4294967278,94
4294967278,93
4294967278,92
4294967278,91
4294967278,90
4294967278,89
4294967278,87
4294967278,86
4294967278,85
4294967278,84
4294967278,83
4294967278,82
4294967278,81
4294967278,80
4294967278,79
4294967278,78
4294967278,77
4294967278,76
4294967278,75
4294967278,74
4294967278,73
4294967278,72
4294967278,71
4294967278,70
4294967278,69
4294967278,68
4294967278,67
4294967278,66
4294967278,65
4294967278,0
4294967278,63
4294967278,62
4294967278,61
4294967278,60
4294967278,59
4294967278,58
4294967278,57
4294967278,56
4294967278,55
4294967278,54
4294967278,53
4294967278,52
4294967278,51
4294967278,50
4294967278,49
4294967278,48
4294967278,47
4294967278,46
4294967278,45
4294967278,44
4294967279,0
4294967279,315
4294967279,28
4294967279,26
4294967279,25
4294967279,23
4294967279,22
4294967279,13
4294967279,12
4294967279,9
4294967279,8
4294967279,7
4294967279,6
4294967279,5
4294967279,4
4294967279,547
4294967278,64
4294967294,30
4294967294,61
4294967279,176
4294967279,175
4294967278,302
4294967279,513
4294967279,512
4294967279,170
4294967294,436
4294967278,169
4294967278,323
4294967279,169
4294967278,168
4294967279,168
4294967279,167
4294967279,164
93,5
93,4
93,3
93,2
93,1
4294967279,297
4294967278,164
4294967279,163
4294967279,162
4294967278,297
4294967279,160
4294967294,17
4294967294,99
4294967294,76
4294967279,316
4294967294,81
4294967294,50
4294967278,320
4294967279,155
4294967294,426
4294967294,44
4294967278,155
4294967279,154
4294967278,154
4294967279,153
91,5
91,4
91,3
91,2
91,1
4294967279,291
4294967294,41
4294967294,999
4294967294,1000
4294967294,185
4294967294,1175
4294967278,148
4294967279,147
4294967278,315
0,7
4294967294,52
4294967294,82
4294967278,143
4294967278,142
4294967279,141
4294967294,42
4294967294,43
4294967294,416
4294967294,51
4294967294,2
4294967294,0
4294967294,1
4294967294,470
4294967278,141
4294967278,313
4294967279,140
4294967279,287
4294967278,140
4294967279,139
4294967278,138
89,5
89,4
89,3
89,2
89,1
4294967279,286
4294967294,107
4294967294,53
4294967279,134
4294967279,133
4294967278,310
4294967294,46
4294967279,267
4294967294,86
4294967294,84
4294967294,1097
4294967294,92
4294967294,91
4294967294,90
4294967294,88
4294967294,87
4294967294,85
4294967294,1017
4294967278,275
87,4
4294967279,263
87,3
87,2
87,1
4294967279,282
4294967278,386
4294967279,275
4294967278,308
4294967294,94
4294967294,96
4294967279,274
4294967294,1174
4294967294,1173
4294967294,29
4294967294,418
4294967294,28
4294967294,1016
4294967294,1018
4294967294,26
4294967294,45
4294967294,1416
4294967294,398
4294967294,461
4294967294,119
4294967294,403
4294967294,407
4294967279,281
4294967294,9
4294967278,278
4294967294,8
85,6
4294967294,7
4294967294,6
4294967294,22
4294967294,423
4294967294,1415
4294967294,1013
4294967294,998
4294967294,1092
4294967294,1011
4294967279,537
4294967279,560
4294967278,363
4294967278,362
4294967279,536
85,5
85,4
85,3
85,2
85,1
4294967279,558
4294967279,557
4294967278,254
84,4
4294967278,385
84,3
84,2
84,1
4294967278,252
4294967279,529
4294967278,384
4294967278,251
4294967279,323
4294967279,556
4294967279,246
4294967278,245
4294967294,27
4294967294,25
4294967279,242
4294967279,240
4294967279,39
4294967279,37
4294967278,288
4294967294,67
4294967294,93
4294967294,95
4294967294,12
4294967294,83
4294967294,11
4294967294,68
4294967294,5
0,5
4294967279,528
4294967278,235
4294967293,131
4294967293,130
4294967293,129
4294967293,128
4294967293,127
4294967293,126
4294967293,125
4294967293,124
4294967293,123
4294967293,122
4294967293,121
4294967293,120
4294967293,119
4294967293,118
4294967293,117
4294967293,116
4294967293,115
4294967293,114
4294967293,113
